fn =

afwiki_cent_pr.png


minimum =

  4.0000e-006


maximum =

    0.0120


topelements =

    0.0120
    0.0065
    0.0048
    0.0042
    0.0033


bot1 =

    0.9606


ans =

=====================================================


fn =

dewiki_cent_pr.png


minimum =

     0


maximum =

    0.0021


topelements =

    0.0021
    0.0018
    0.0016
    0.0016
    0.0016


bot1 =

    0.9983


ans =

=====================================================


fn =

eowiki_cent_pr.png


minimum =

  1.0000e-006


maximum =

    0.0028


topelements =

    0.0028
    0.0028
    0.0027
    0.0025
    0.0024


bot1 =

    0.9793


ans =

=====================================================


fn =

eswiki_cent_pr.png


minimum =

     0


maximum =

    0.0051


topelements =

    0.0051
    0.0042
    0.0031
    0.0027
    0.0027


bot1 =

    0.9990


ans =

=====================================================


fn =

frwiki_cent_pr.png


minimum =

     0


maximum =

    0.0042


topelements =

    0.0042
    0.0025
    0.0017
    0.0011
    0.0011


bot1 =

    0.9993


ans =

=====================================================


fn =

hifwiki_cent_pr.png


minimum =

  2.0000e-005


maximum =

    0.0212


topelements =

    0.0212
    0.0167
    0.0134
    0.0130
    0.0109


bot1 =

    0.8974


ans =

=====================================================


fn =

itwiki_cent_pr.png


minimum =

     0


maximum =

    0.0188


topelements =

    0.0188
    0.0167
    0.0038
    0.0033
    0.0026


bot1 =

    0.9998


ans =

=====================================================


fn =

lawiki_cent_pr.png


minimum =

  2.0000e-006


maximum =

    0.0064


topelements =

    0.0064
    0.0049
    0.0045
    0.0038
    0.0032


bot1 =

    0.9744


ans =

=====================================================


fn =

ptwiki_cent_pr.png


minimum =

     0


maximum =

    0.0215


topelements =

    0.0215
    0.0038
    0.0034
    0.0025
    0.0016


bot1 =

    0.9999


ans =

=====================================================


fn =

ruwiki_cent_pr.png


minimum =

     0


maximum =

    0.0039


topelements =

    0.0039
    0.0038
    0.0037
    0.0028
    0.0023


bot1 =

    0.9989


ans =

=====================================================


fn =

scowiki_cent_pr.png


minimum =

  1.7000e-005


maximum =

    0.1049


topelements =

    0.1049
    0.0520
    0.0298
    0.0298
    0.0297


bot1 =

    0.9945


ans =

=====================================================


fn =

vlswiki_cent_pr.png


minimum =

  2.7000e-005


maximum =

    0.0131


topelements =

    0.0131
    0.0102
    0.0074
    0.0072
    0.0064


bot1 =

    0.7849


ans =

=====================================================